0.00261
0.01904
0.06332
0.05208
0.04684
0.04090
0.03679
0.03244
0.02914
0.02640
0.02468
0.02416
0.02330
0.02202
0.02110
0.02018
0.01953
0.01899
0.01836
0.01750
0.01697
0.01622
0.01551
0.01485
0.01446
0.01419
0.01419
0.01423
0.01430
0.01445
0.01511
0.01560
0.01654
0.01764
0.01747
0.01464
0.01259
0.01105
0.01006
0.00938
0.00868
0.00795
0.00727
0.00667
0.00609
0.00557
0.00519
0.00484
0.00448
0.00425
0.00396
0.00370
0.00346
0.00323
0.00301
0.00284
0.00267
0.00251
0.00236
0.00224
0.00213
0.00203
0.00196
0.00186
0.00180
0.00171
0.00166
0.00160
0.00152
0.00147
0.00141
0.00135
0.00130
0.00126
0.00121
0.00118
0.00114
0.00111
0.00107
0.00105
0.00103
0.00103
0.00101
0.00100
0.00099
0.00098
0.00097
0.00098
0.00099
0.00101
0.00102
0.00103
0.00108
0.00113
0.00123
0.00134
0.00151
0.00177
0.00222
0.00343
0.00461
