0.00060
0.00139
0.00419
0.01297
0.02467
0.02772
0.02577
0.02335
0.02101
0.01898
0.01743
0.01614
0.01489
0.01383
0.01300
0.01229
0.01161
0.01098
0.01047
0.01004
0.00960
0.00914
0.00872
0.00836
0.00803
0.00774
0.00748
0.00720
0.00693
0.00672
0.00653
0.00629
0.00606
0.00587
0.00573
0.00563
0.00555
0.00546
0.00538
0.00530
0.00520
0.00508
0.00496
0.00485
0.00475
0.00469
0.00465
0.00462
0.00461
0.00457
0.00451
0.00447
0.00445
0.00443
0.00439
0.00436
0.00433
0.00431
0.00428
0.00425
0.00421
0.00418
0.00413
0.00410
0.00407
0.00406
0.00405
0.00404
0.00402
0.00399
0.00394
0.00389
0.00384
0.00380
0.00378
0.00376
0.00375
0.00373
0.00371
0.00368
0.00365
0.00363
0.00360
0.00355
0.00352
0.00349
0.00347
0.00344
0.00341
0.00338
0.00336
0.00332
0.00329
0.00326
0.00322
0.00319
0.00315
0.00312
0.00311
0.00309
0.00308
0.00308
0.00307
0.00305
0.00302
0.00297
0.00292
0.00286
0.00280
0.00274
0.00269
0.00263
0.00259
0.00255
0.00251
0.00248
0.00245
0.00241
0.00238
0.00234
0.00231
0.00228
0.00224
0.00219
0.00214
0.00210
0.00207
0.00204
0.00201
0.00198
0.00195
0.00192
0.00189
0.00185
0.00182
0.00179
0.00176
0.00174
0.00171
0.00169
0.00168
0.00166
0.00165
0.00164
0.00162
0.00161
0.00159
0.00157
0.00156
0.00154
0.00153
0.00151
0.00150
0.00148
0.00147
0.00146
0.00145
0.00144
0.00143
0.00142
0.00141
0.00140
0.00139
0.00137
0.00135
0.00133
0.00132
0.00130
0.00129
0.00127
0.00126
0.00125
0.00124
0.00123
0.00122
0.00120
0.00119
0.00118
0.00116
0.00115
0.00114
0.00113
0.00112
0.00111
0.00110
0.00109
0.00108
0.00107
0.00107
0.00106
0.00105
0.00105
0.00104
0.00103
0.00102
0.00101
0.00101
0.00099
0.00098
0.00096
0.00096
0.00095
0.00094
0.00094
0.00093
0.00093
0.00092
0.00091
0.00090
0.00090
0.00090
0.00089
0.00089
0.00089
0.00089
0.00088
0.00088
0.00088
0.00088
0.00088
0.00088
0.00088
0.00088
0.00088
0.00089
0.00089
0.00089
0.00090
0.00091
0.00092
0.00093
0.00094
0.00096
0.00097
0.00098
0.00100
0.00101
0.00104
0.00106
0.00109
0.00113
0.00117
0.00122
0.00127
0.00134
0.00141
0.00151
0.00162
0.00176
0.00194
0.00218
0.00254
0.00317
0.00472
0.01048
0.03234
0.05480
